[html/business-dashboard]
version = 6.6.2
modtime = 1523419146.992865500

[html/operation-postpaid-incident]
version = 6.6.2
modtime = 1526216406.220626500

[html/operation-postpaid-order]
version = 6.6.2
modtime = 1526216456.635626500
